0.0516667
0.785
0.801667
0.818333
0.835
0.86
0.876667
0.893333
0.91
0.926667
0.943333
0.96
0.976667
0.993333
1.01
1.026667
1.043333
1.06
1.076667
1.218333
1.235
1.285
1.31
1.326667
1.343333
1.36
2.135
2.31
2.36
2.485
2.601667
2.71
2.818333
2.918333
3.01
3.11
3.143333
3.151667
3.276667
3.41
3.493333
3.51
3.576667
3.676667
3.735
3.801667
3.901667
3.918333
3.96
4.026667
4.176667
4.251667
4.393333
4.543333
4.676667
4.743333
4.968333
5.051667
5.193333
5.21
5.285
5.36
5.41
5.501667
5.61
5.643333
5.71
5.776667
5.793333
5.893333
5.91
5.993333
6.018333
6.076667
6.11
6.193333
6.21
6.293333
6.343333
6.418333
6.443333
6.551667
6.626667
6.776667
6.835
6.86
6.951667
6.968333
6.985
7.001667
7.018333
7.035
7.051667
7.068333
7.085
7.101667
7.126667
7.143333
7.176667
7.193333
7.21
7.226667
7.243333
7.276667
7.293333
7.31
7.326667
7.343333
7.351667
7.376667
7.41
7.476667
7.51
7.526667
7.543333
7.56
7.576667
7.593333
7.61
7.626667
7.643333
7.685
7.693333
7.718333
7.735
7.826667
7.876667
7.985
8.001667
8.101667
8.193333
8.201667
8.226667
8.26
8.36
8.401667
8.476667
8.576667
8.61
8.651667
8.685
8.701667
8.718333
8.985
9.001667
9.035
9.176667
9.226667
9.243333
9.31
9.326667
9.351667
9.435
9.451667
9.485
9.543333
9.593333
9.61
9.626667
9.66
9.701667
9.843333
9.893333
10.068333
10.21
10.226667
10.243333
10.26
10.276667
10.293333
10.31
10.326667
10.343333
10.36
10.376667
10.393333
10.41
10.426667
10.443333
10.46
10.485
10.601667
10.635
10.651667
10.751667
10.851667
10.893333
10.976667
11.01
11.06
11.176667
11.226667
11.26
11.276667
11.293333
11.31
11.326667
11.351667
11.368333
11.385
11.401667
11.476667
11.51
11.56
11.585
11.701667
11.743333
11.776667
11.901667
11.968333
11.985
12.001667
12.01
12.035
