0.0766667
0.085
0.126667
0.235
0.268333
0.31
0.393333
0.401667
0.443333
0.46
0.551667
0.651667
0.685
0.726667
0.793333
0.901667
0.976667
1.06
1.126667
1.16
1.176667
1.201667
1.218333
1.235
1.251667
1.26
1.285
1.301667
1.318333
1.335
1.351667
1.368333
1.385
1.41
1.426667
1.443333
1.46
1.476667
1.501667
1.518333
1.535
1.551667
1.568333
1.585
1.601667
1.618333
1.635
1.651667
1.668333
1.693333
1.71
1.726667
1.768333
1.81
1.851667
1.901667
1.918333
1.935
1.951667
1.968333
1.985
2.001667
2.018333
2.035
2.051667
2.076667
2.093333
2.11
2.126667
2.143333
2.16
2.176667
2.193333
2.21
2.226667
2.243333
2.268333
2.285
2.301667
2.31
2.376667
2.385
2.435
2.485
2.493333
2.526667
2.543333
2.66
3.143333
3.185
3.301667
3.335
3.443333
3.476667
3.651667
3.693333
3.785
3.885
3.96
4.035
4.118333
4.193333
4.268333
4.326667
4.41
4.551667
4.576667
4.751667
4.793333
4.91
4.926667
5.11
5.301667
5.426667
5.451667
5.618333
5.66
5.776667
6.185
6.393333
6.518333
6.743333
6.843333
6.918333
7.093333
7.168333
7.243333
7.46
7.585
7.626667
7.81
7.918333
7.985
8.151667
8.168333
8.251667
8.326667
8.36
8.418333
8.551667
8.576667
8.668333
8.71
8.751667
8.826667
9.043333
9.076667
9.168333
9.443333
9.576667
9.626667
9.668333
9.76
9.785
9.81
9.826667
9.926667
9.985
10.001667
10.018333
10.085
10.135
10.151667
10.168333
10.251667
10.268333
10.318333
10.368333
10.418333
10.426667
10.501667
10.576667
10.643333
10.66
10.743333
10.826667
10.843333
10.86
10.91
10.943333
10.993333
11.043333
11.06
11.076667
11.26
11.326667
11.385
11.41
11.485
11.493333
11.56
11.576667
11.635
11.66
11.693333
11.743333
11.776667
11.818333
11.91
11.918333
11.951667
11.993333
12.051667
12.076667
12.151667
12.228333
12.245
12.311667
12.32
12.395
12.411667
12.486667
12.553333
12.578333
12.636667
12.653333
12.695
12.745
12.828333
12.853333
12.895
12.911667
12.995
13.028333
13.053333
13.078333
13.153333
13.228333
13.253333
13.328333
13.411667
13.47
13.495
13.511667
13.595
13.786667
13.828333
14.011667
14.253333
14.478333
14.62
14.678333
14.695
14.711667
14.728333
14.745
14.828333
14.92
14.986667
15.061667
15.128333
15.195
15.27
15.336667
15.37
15.386667
15.403333
15.428333
15.445
15.461667
15.478333
15.495
15.511667
15.528333
15.545
15.561667
15.586667
15.603333
15.62
15.636667
15.653333
15.67
15.686667
15.703333
15.72
15.736667
15.753333
15.77
15.795
15.811667
15.828333
15.845
15.861667
15.878333
15.903333
15.92
15.936667
15.953333
15.97
15.986667
16.003333
16.02
16.045
16.061667
