0.0266667
0.151667
0.318333
0.493333
0.61
0.635
0.793333
0.918333
1.085
1.235
1.393333
1.401667
1.551667
1.726667
1.901667
2.06
2.16
2.176667
2.201667
2.218333
2.235
2.251667
2.26
2.285
2.351667
2.368333
2.385
2.41
2.426667
2.443333
2.46
2.476667
2.501667
2.518333
2.693333
2.71
2.851667
2.901667
2.918333
2.951667
2.985
3.018333
3.076667
3.093333
3.193333
3.21
3.226667
3.385
3.435
3.485
5.576667
10.668333
11.91
12.26
12.818333
13.895
14.47
14.495
15.678333
15.695
15.711667
15.728333
15.745
15.761667
16.37
17.37
