0
0.00833333
0.0333333
0.05
0.075
0.0916667
0.108333
0.125
0.225
0.25
0.258333
0.283333
0.316667
0.341667
0.358333
0.375
0.391667
0.408333
0.425
0.441667
0.458333
0.475
0.491667
0.516667
0.533333
0.55
0.583333
0.6
0.616667
0.633333
0.65
0.675
0.691667
0.708333
0.725
0.741667
0.758333
0.775
0.791667
0.808333
0.825
0.841667
0.858333
0.883333
0.9
0.916667
0.933333
0.95
0.966667
0.983333
1
1.008333
1.033333
1.05
1.075
1.108333
1.125
1.141667
1.158333
1.175
1.191667
1.208333
1.225
1.241667
1.258333
1.283333
1.3
1.316667
1.333333
1.35
1.366667
1.383333
1.4
1.408333
1.433333
1.441667
1.466667
1.491667
1.508333
1.525
1.541667
1.558333
1.575
1.591667
1.616667
1.633333
1.65
1.666667
1.683333
1.7
1.716667
1.733333
1.75
1.766667
1.791667
1.808333
1.841667
1.875
1.891667
1.941667
2.066667
2.191667
2.4
2.516667
2.533333
2.55
2.566667
2.583333
2.608333
2.616667
2.633333
2.658333
2.675
2.691667
2.716667
2.741667
2.758333
2.775
2.791667
2.816667
2.833333
2.85
3.041667
3.075
3.091667
3.108333
3.125
3.141667
3.158333
3.183333
3.2
3.216667
3.233333
3.341667
3.358333
3.375
3.391667
3.408333
3.425
3.441667
4.033333
4.066667
4.091667
4.108333
4.125
4.141667
4.158333
4.191667
4.208333
4.225
4.241667
4.258333
4.291667
4.325
4.341667
4.366667
4.383333
4.4
4.775
4.791667
4.858333
4.883333
4.916667
4.95
4.966667
4.983333
5.008333
5.025
5.041667
5.425
5.441667
5.458333
5.475
5.491667
5.508333
5.525
5.541667
5.558333
5.575
5.591667
5.608333
5.625
5.641667
5.658333
5.683333
5.7
5.708333
5.733333
5.75
5.766667
5.783333
5.8
5.825
5.841667
5.858333
5.908333
5.925
5.941667
5.958333
5.983333
6
6.016667
6.033333
6.05
6.066667
6.083333
6.1
6.116667
6.133333
6.158333
6.175
6.191667
6.208333
6.225
6.241667
6.258333
6.291667
6.308333
6.341667
6.358333
6.383333
6.4
6.416667
6.433333
6.45
6.466667
6.483333
6.5
6.516667
6.533333
6.558333
6.575
6.591667
6.608333
6.625
6.641667
6.658333
6.708333
6.725
6.75
6.766667
6.816667
6.866667
6.891667
6.908333
7.125
7.15
7.166667
7.725
7.741667
7.758333
7.775
7.875
7.916667
7.933333
7.95
7.966667
8.208333
8.225
8.241667
8.258333
8.283333
8.508333
8.525
8.541667
8.575
8.608333
9.025
9.058333
9.083333
9.375
9.391667
9.425
9.45
9.466667
9.483333
9.55
9.566667
9.583333
9.6
9.641667
9.658333
9.675
9.691667
9.708333
9.725
9.741667
9.758333
9.775
9.791667
9.808333
9.825
9.85
9.866667
9.95
9.966667
9.983333
10.016667
10.033333
10.058333
10.208333
10.225
10.241667
10.258333
10.275
10.291667
10.316667
10.333333
10.35
10.366667
10.383333
10.4
10.416667
10.433333
10.45
10.466667
10.483333
10.5
10.525
10.541667
10.558333
10.575
10.608333
10.625
10.641667
10.658333
10.683333
10.7
10.716667
10.733333
10.75
10.766667
10.783333
10.8
10.816667
10.833333
10.858333
10.875
10.891667
10.908333
10.925
10.941667
10.958333
10.975
10.991667
11.016667
11.033333
11.066667
11.133333
11.15
11.166667
11.191667
11.208333
11.225
11.241667
11.258333
11.275
11.291667
11.308333
11.325
11.341667
11.358333
11.375
11.391667
11.408333
11.433333
11.45
11.466667
11.758333
11.791667
11.816667
11.833333
11.85
13.5
13.591667
14.008333
14.1
14.258333
17.175
17.583333
17.666667
18.083333
18.158333
18.275
18.3
18.316667
18.333333
18.35
18.366667
18.391667
18.408333
18.425
18.441667
18.458333
18.475
18.491667
18.508333
18.558333
18.575
18.591667
18.608333
18.625
18.641667
18.658333
18.683333
18.75
18.766667
18.783333
18.8
18.816667
18.833333
18.858333
18.875
18.958333
19.116667
19.241667
19.258333
19.65
21.075
21.1
21.125
21.158333
21.208333
21.358333
21.383333
21.4
21.416667
21.433333
21.45
21.466667
21.475
21.5
21.516667
21.55
21.575
21.591667
21.675
21.691667
21.708333
21.725
21.741667
21.783333
21.808333
21.825
21.85
21.866667
21.883333
21.9
21.916667
21.933333
21.95
22.125
22.141667
22.175
22.208333
22.241667
22.25
22.275
22.308333
22.416667
22.583333
22.716667
22.783333
22.8
22.816667
22.833333
22.85
22.866667
22.883333
22.9
22.908333
22.933333
22.958333
22.975
22.991667
23.008333
23.125
23.141667
23.475
23.625
23.783333
23.925
23.975
23.991667
24.008333
24.025
24.041667
24.058333
24.075
24.125
24.158333
24.175
24.191667
24.216667
24.233333
24.25
24.266667
24.275
24.333333
24.358333
24.375
24.391667
24.408333
24.425
24.441667
24.458333
24.475
24.491667
24.508333
24.558333
24.583333
24.6
24.616667
24.633333
24.641667
24.666667
24.683333
24.7
24.716667
24.775
24.791667
24.808333
24.825
24.841667
24.858333
24.875
24.891667
24.925
24.983333
25.116667
25.225
25.275
25.391667
25.416667
25.433333
25.45
25.466667
25.483333
25.5
25.516667
25.533333
25.55
25.566667
25.583333
25.608333
25.625
25.641667
25.675
25.691667
25.708333
25.741667
25.758333
25.775
25.816667
25.933333
25.966667
25.991667
26.008333
26.025
26.041667
26.058333
26.075
26.091667
26.108333
26.125
26.141667
26.158333
26.183333
26.2
26.216667
26.233333
26.266667
26.283333
26.3
26.316667
26.333333
26.358333
26.375
26.391667
26.408333
26.425
26.441667
26.458333
26.475
26.491667
26.508333
26.525
26.541667
26.558333
26.575
26.625
26.65
26.666667
26.683333
26.7
26.716667
26.733333
26.75
26.766667
26.783333
26.808333
26.825
26.841667
26.858333
26.875
26.891667
26.908333
26.925
26.941667
26.991667
27.066667
27.083333
27.116667
27.133333
27.166667
27.183333
27.225
27.291667
27.491667
27.591667
27.608333
27.625
27.641667
27.666667
27.683333
27.7
27.716667
27.775
27.891667
28.108333
28.3
28.35
28.433333
28.566667
28.725
28.791667
29.216667
29.433333
29.85
30.625
30.966667
31.316667
31.633333
31.65
31.675
31.691667
31.708333
31.725
31.741667
31.758333
31.775
31.791667
31.808333
31.825
31.841667
31.858333
31.875
31.891667
31.916667
31.95
32.283333
32.491667
32.825
33.041667
33.333333
33.7
33.985
34.085
34.201667
34.301667
34.418333
34.735
34.901667
34.918333
34.935
34.96
34.976667
34.993333
35.01
35.026667
35.043333
35.06
35.076667
35.093333
35.11
35.126667
35.143333
35.185
35.193333
35.21
35.235
35.251667
35.268333
35.285
35.301667
35.318333
35.343333
35.41
35.426667
35.443333
35.46
35.476667
35.493333
35.518333
35.535
35.568333
35.585
35.601667
35.651667
35.676667
35.693333
35.71
35.743333
35.76
35.776667
35.793333
36.026667
36.176667
36.218333
36.26
36.368333
36.468333
36.643333
36.81
37.21
37.443333
37.618333
37.651667
37.801667
38.56
38.576667
38.61
38.626667
38.651667
38.66
38.685
38.701667
38.976667
38.993333
39.01
39.026667
43.493333
43.593333
44.001667
44.093333
44.251667
46.785
46.801667
46.818333
46.835
46.86
46.876667
46.893333
46.91
46.926667
46.943333
46.96
46.976667
46.993333
47.01
47.026667
47.043333
47.06
47.076667
47.218333
47.235
47.285
47.31
47.326667
47.343333
47.36
47.376667
47.393333
47.41
47.568333
47.676667
47.726667
48.06
48.093333
48.16
48.31
48.36
48.485
48.518333
48.535
48.551667
48.568333
48.585
48.601667
48.71
48.726667
48.818333
48.918333
49.11
49.151667
49.276667
49.41
49.51
49.576667
49.735
49.801667
49.901667
49.96
50.026667
50.176667
50.251667
50.393333
50.543333
50.676667
50.743333
50.968333
51.051667
51.21
51.285
51.41
51.501667
51.61
51.71
51.793333
51.91
52.018333
52.11
52.21
52.343333
52.443333
52.551667
52.626667
52.776667
52.835
52.951667
52.968333
52.985
53.001667
53.018333
53.035
53.051667
53.068333
53.085
53.101667
53.126667
53.143333
53.176667
53.226667
53.243333
53.276667
53.293333
53.31
53.326667
53.343333
53.351667
53.376667
53.476667
53.51
53.526667
53.543333
53.56
53.576667
53.593333
53.61
53.626667
53.643333
53.685
53.693333
53.735
53.826667
54.001667
54.101667
54.201667
54.36
54.401667
54.476667
54.576667
54.651667
54.685
54.701667
54.718333
54.985
55.001667
55.035
55.176667
55.226667
55.243333
55.31
55.326667
55.351667
55.435
55.451667
55.485
55.543333
55.593333
55.66
55.701667
55.843333
56.21
56.226667
56.243333
56.26
56.276667
56.293333
56.31
56.326667
56.343333
56.36
56.376667
56.393333
56.41
56.426667
56.443333
56.46
56.485
56.751667
56.893333
57.26
57.276667
57.293333
57.31
57.326667
57.351667
57.368333
57.385
57.401667
57.476667
57.56
57.968333
57.985
58.001667
58.01
58.035
58.243333
58.26
58.276667
58.293333
58.318333
58.335
58.351667
58.368333
58.426667
58.46
58.476667
58.493333
58.526667
58.668333
58.701667
58.718333
58.735
58.751667
58.768333
58.793333
58.843333
58.926667
59.243333
59.26
59.31
59.785
59.876667
60.068333
60.101667
60.36
60.51
60.676667
60.985
61.51
61.668333
61.893333
61.943333
62.101667
62.468333
62.66
63.151667
63.451667
63.843333
64.043333
64.101667
64.468333
65.026667
65.368333
65.41
65.551667
65.643333
65.735
65.868333
66.076667
66.21
66.243333
66.551667
66.793333
67.118333
67.201667
67.343333
67.393333
67.785
68.21
68.376667
68.626667
68.785
68.926667
69.093333
69.135
69.326667
69.676667
69.718333
69.735
69.81
69.843333
69.86
69.885
69.901667
69.918333
69.935
69.943333
69.968333
69.985
70.001667
70.018333
70.043333
70.076667
70.093333
70.11
70.126667
70.143333
70.16
70.176667
70.193333
70.218333
70.235
70.251667
70.268333
70.301667
70.351667
70.376667
70.393333
70.41
70.426667
70.443333
70.46
70.476667
70.493333
70.51
70.685
70.926667
70.943333
70.96
70.976667
70.993333
71.01
71.026667
71.551667
72.351667
72.826667
73.068333
73.243333
73.393333
73.493333
73.585
73.993333
74.176667
74.643333
74.793333
76.068333
76.376667
77.101667
77.11
77.126667
77.143333
77.16
77.193333
77.21
77.226667
77.243333
77.26
77.276667
77.585
77.668333
78.001667
78.101667
78.26
78.693333
79.518333
79.918333
79.976667
80.71
81.31
81.668333
82.451667
82.768333
82.926667
83.41
83.518333
83.651667
84.101667
84.96
85.318333
85.468333
85.576667
86.243333
86.743333
87.26
88.318333
88.635
89.085
89.235
89.393333
90.06
90.16
90.176667
90.201667
90.235
90.251667
90.26
90.285
90.351667
90.368333
90.385
90.41
90.426667
90.443333
90.46
90.476667
90.501667
90.518333
90.851667
90.901667
90.918333
90.951667
90.985
91.018333
91.193333
91.21
91.226667
91.385
91.485
96.076667
96.168333
96.585
96.743333
98.668333
100.16
100.243333
100.26
100.66
100.818333
101.895
102.47
103.678333
103.695
103.711667
103.728333
103.745
103.761667
103.795
103.828333
103.845
103.878333
103.986667
104.003333
104.02
104.036667
104.061667
104.078333
104.095
104.111667
104.128333
104.145
104.161667
104.178333
104.195
104.22
104.236667
104.253333
104.27
104.403333
104.428333
104.445
104.461667
104.545
104.72
