0.0166667
0.05
0.1
0.2
0.216667
0.25
0.3
0.4
0.433333
0.475
0.516667
0.558333
0.575
0.616667
0.666667
0.758333
0.8
0.841667
0.925
0.941667
0.966667
0.983333
1
1.016667
1.033333
1.05
1.066667
1.083333
1.141667
1.158333
1.175
1.191667
1.208333
1.225
1.241667
1.258333
1.275
1.3
1.316667
1.333333
1.35
1.366667
1.383333
1.416667
1.425
1.466667
1.483333
1.5
1.516667
1.533333
1.55
1.566667
1.583333
1.6
1.616667
1.633333
1.65
1.675
1.725
1.741667
1.758333
1.775
1.791667
1.808333
1.825
1.841667
1.866667
1.883333
1.9
1.916667
1.933333
1.95
1.966667
1.983333
2
2.016667
2.033333
2.05
2.066667
2.083333
2.1
2.125
2.141667
2.15
2.25
2.266667
2.375
2.475
2.541667
2.625
2.65
2.7
2.775
2.791667
2.858333
2.866667
2.933333
2.95
3
3.041667
3.133333
3.158333
3.191667
3.291667
3.333333
3.366667
3.45
3.466667
3.533333
3.566667
3.608333
3.641667
3.658333
3.675
3.691667
3.708333
3.725
3.741667
3.766667
3.783333
3.8
3.816667
3.833333
3.85
3.866667
3.883333
3.9
3.916667
3.933333
3.95
3.975
3.991667
4.008333
4.025
4.041667
4.075
4.116667
4.175
4.2
4.216667
4.291667
4.333333
4.366667
4.433333
4.45
4.508333
4.533333
4.566667
4.616667
4.625
4.708333
4.741667
4.783333
4.866667
4.9
4.941667
5.016667
5.041667
5.05
5.108333
5.15
5.2
5.283333
5.366667
5.383333
5.4
5.441667
5.508333
5.541667
5.616667
5.658333
5.7
5.75
5.783333
5.858333
5.866667
5.9
5.95
6.008333
6.041667
6.1
6.125
6.175
6.2
6.233333
6.291667
6.308333
6.35
6.366667
6.433333
6.45
6.475
6.541667
6.616667
6.641667
6.683333
6.691667
6.783333
6.8
6.841667
6.866667
6.95
7
7.025
7.041667
7.116667
7.2
7.225
7.283333
7.366667
7.4
7.45
7.541667
7.575
7.6
7.625
7.7
7.783333
7.8
7.866667
7.95
7.975
8
8.016667
8.033333
8.05
8.066667
8.083333
8.1
8.116667
8.141667
8.158333
8.175
8.2
8.216667
8.233333
8.25
8.258333
8.283333
8.3
8.316667
8.333333
8.35
8.366667
8.383333
8.4
8.416667
8.433333
8.458333
8.475
8.491667
8.508333
8.525
8.541667
8.558333
8.583333
8.6
8.616667
8.633333
8.65
8.666667
8.683333
8.7
8.716667
8.733333
8.758333
8.775
8.791667
8.808333
8.825
8.841667
8.858333
8.875
8.9
8.916667
8.933333
8.95
8.966667
8.983333
9
9.016667
9.033333
9.05
9.066667
9.083333
9.1
9.125
9.141667
9.158333
9.175
9.191667
9.208333
9.225
9.241667
9.266667
9.283333
9.3
9.316667
9.333333
9.35
9.358333
9.375
9.45
9.475
9.491667
9.508333
9.525
9.541667
9.558333
9.583333
9.6
9.616667
9.633333
9.65
9.666667
9.683333
9.7
9.716667
9.733333
9.741667
9.791667
9.833333
10
10.033333
10.05
10.116667
10.133333
10.216667
10.233333
10.291667
10.366667
10.466667
10.508333
10.541667
10.625
10.641667
10.708333
10.741667
10.783333
10.8
10.816667
10.833333
10.85
10.866667
10.883333
10.9
10.925
10.941667
10.958333
10.975
10.991667
11.008333
