0
0.0166667
0.0416667
0.05
0.075
0.0916667
0.108333
0.125
0.15
0.166667
0.183333
0.2
0.216667
0.225
0.25
0.275
0.291667
0.308333
0.325
0.341667
0.366667
0.375
0.4
0.408333
0.433333
0.441667
0.466667
0.491667
0.5
0.508333
0.541667
0.558333
0.575
0.591667
0.608333
0.65
0.658333
0.683333
0.691667
0.725
0.741667
0.758333
0.775
0.791667
0.808333
0.825
0.841667
1.016667
1.025
1.05
1.083333
1.1
1.125
1.141667
1.158333
1.175
1.191667
1.208333
1.225
1.241667
1.333333
1.375
1.441667
1.475
1.491667
1.508333
1.525
1.541667
1.558333
1.575
1.633333
1.683333
1.716667
1.783333
1.858333
1.875
1.975
2.033333
2.05
2.066667
2.15
2.191667
2.2
2.316667
2.333333
2.391667
2.416667
2.5
2.591667
2.675
2.733333
2.816667
2.925
2.991667
3.033333
3.141667
3.191667
3.241667
3.35
3.391667
3.441667
3.575
3.616667
3.725
3.766667
3.85
4.016667
4.075
4.116667
4.216667
4.233333
4.275
4.325
4.433333
4.475
4.533333
4.558333
4.633333
4.683333
4.758333
4.85
4.916667
4.983333
5
5.025
5.041667
5.108333
5.125
5.15
5.166667
5.183333
5.2
5.216667
5.233333
5.25
5.266667
5.283333
5.3
5.316667
5.35
5.366667
5.391667
5.408333
5.425
5.441667
5.458333
5.475
5.491667
5.508333
5.533333
5.55
5.566667
5.583333
5.6
5.616667
5.633333
5.65
5.666667
5.683333
5.7
5.725
5.741667
5.758333
5.775
5.791667
5.808333
5.825
5.841667
5.858333
5.883333
5.916667
5.933333
5.95
6.083333
6.125
6.283333
6.383333
6.475
6.558333
6.633333
6.658333
6.75
6.775
6.816667
6.858333
6.883333
6.958333
6.991667
7.033333
7.2
7.408333
7.433333
7.441667
7.516667
7.525
7.666667
7.7
7.833333
7.883333
7.941667
8.033333
8.183333
8.2
8.216667
8.233333
8.25
8.266667
8.283333
8.3
8.316667
8.466667
8.766667
8.8
8.841667
8.858333
8.883333
8.9
8.916667
8.933333
8.95
8.966667
8.983333
9
9.016667
9.033333
9.05
9.083333
9.125
9.141667
9.158333
9.175
9.191667
9.208333
9.225
9.241667
9.258333
9.275
9.291667
9.316667
9.333333
9.35
9.366667
9.416667
9.55
9.716667
9.75
9.783333
9.8
9.883333
9.95
9.991667
10.158333
10.2
10.283333
10.3
10.416667
10.55
10.6
10.658333
10.675
10.708333
10.741667
10.775
10.791667
10.841667
10.883333
10.991667
11.041667
11.158333
11.175
11.191667
11.208333
11.233333
11.25
11.266667
11.283333
11.3
11.316667
11.333333
11.35
11.366667
11.383333
11.4
11.416667
11.433333
11.45
11.466667
11.483333
11.5
11.525
11.733333
11.775
11.908333
11.925
11.941667
11.958333
11.975
11.991667
12.008333
12.033333
12.05
12.066667
12.083333
12.1
12.116667
12.133333
12.15
12.166667
12.183333
12.208333
12.225
12.241667
12.258333
12.275
12.291667
12.308333
12.4
12.483333
12.575
12.608333
12.641667
12.866667
12.908333
13.1
13.166667
13.183333
13.2
13.216667
13.233333
13.266667
13.333333
13.35
13.366667
13.383333
13.433333
13.45
13.483333
13.5
13.516667
13.558333
13.591667
13.641667
13.658333
13.716667
13.783333
13.925
13.958333
14.033333
14.116667
14.191667
14.241667
14.4
14.75
14.933333
15.075
15.116667
15.241667
15.283333
15.633333
15.691667
15.816667
15.916667
15.933333
15.975
16.008333
16.025
16.041667
16.166667
16.216667
16.358333
16.75
16.891667
16.933333
17.1
17.183333
17.3
17.483333
17.525
17.725
17.866667
17.908333
18.033333
18.075
18.225
18.375
18.416667
18.6
18.641667
19.158333
19.508333
19.641667
19.666667
19.908333
20.016667
20.05
20.1
20.216667
20.25
20.3
20.433333
20.475
20.575
20.616667
20.666667
20.8
20.841667
20.925
20.941667
21
21.016667
21.05
21.083333
21.141667
21.158333
21.175
21.191667
21.208333
21.225
21.241667
21.258333
21.275
21.3
21.316667
21.333333
21.35
21.366667
21.383333
21.416667
21.466667
21.516667
21.566667
21.675
21.725
21.741667
21.758333
21.775
21.825
21.841667
21.866667
21.9
21.916667
21.933333
21.95
23.658333
23.691667
23.708333
23.85
24.616667
24.625
25.7
25.783333
26.35
27.45
27.95
28
28.016667
28.033333
28.05
28.066667
28.083333
28.1
28.116667
28.141667
28.158333
28.175
28.2
28.216667
28.233333
28.25
28.475
28.491667
28.508333
28.525
28.541667
28.558333
28.583333
28.6
28.616667
28.633333
28.65
28.666667
28.683333
28.7
28.716667
29.1
29.241667
30.85
30.866667
